Teff logg Vturb FeH 	C   N   O   Li   Mg   Si   Ca   Ti   Na   Mn  Co   Ni   Ba   Sr   Eu   Fe  H
7957  4.91 0.51 -0.425      8.0420     6.9895     9.1181     0.9623     7.6110     7.3782     5.6728     4.7279     5.2951     5.1722     4.8626     5.6576    -0.1455     3.0761    -0.7706     7.0754  12.0 
5952  2.71 1.57 -0.014      7.6416     7.0916     8.9591     1.4557     7.3273     7.6973     6.1710     4.7138     6.7309     4.6836     5.0369     6.4821     1.9481     1.7079     1.9626     7.4863  12.0 
3543  1.19 1.56 -2.573      5.7206     5.6885     6.4330    -1.7965     4.7528     5.7054     4.1530     2.8205     4.7155     2.2789     2.6622     3.2208    -0.3224    -1.1795    -2.6556     4.9271  12.0 
3837  5.41 1.92  0.258      8.2215     8.7336     9.8077     1.7610     7.5637     7.5958     6.8993     5.5843     6.8107     5.7575     5.1342     6.1870     1.5529     3.4343     1.3185     7.7579  12.0 
3070  2.50 0.76 -4.387      4.9740     3.1955     5.2944    -3.0786     3.4749     3.4287     2.1029     0.2600     2.0366     0.6287     0.4578     1.6966    -2.0624    -1.1881    -3.0236     3.1132  12.0 
3862  4.79 1.23 -1.686      7.5505     5.3060     7.2246    -0.2692     6.6635     6.1810     4.6977     3.3544     4.5074     2.9111     3.4581     4.4991    -1.0622     1.4918    -0.5038     5.8143  12.0 
6897  2.45 0.71 -0.636      8.6506     8.0836     8.6742     1.0978     7.4988     7.3256     6.2635     4.5304     6.4820     4.1348     4.5109     5.5643     1.2056     1.1858     1.1026     6.8636  12.0 
2920  3.03 0.88 -3.941      4.6265     4.7660     5.5679    -2.6032     3.8706     3.6229     2.6110     1.0553     2.3531     0.7218     1.0837     2.1766    -2.4771    -0.9193    -2.2587     3.5587  12.0 
5895  3.81 1.77 -3.990      4.7161     4.2070     4.6011    -3.1459     3.9516     4.2290     2.3695     0.7923     3.0794     1.0749     1.0429     2.0772    -1.2310    -2.7125    -2.4787     3.5101  12.0 
